390.0,4.07619067E-04,3.58227395E-04,6.14264795E-03
391.0,4.97068044E-04,4.38659772E-04,7.44279983E-03
392.0,6.04713055E-04,5.36229645E-04,9.01661277E-03
393.0,7.33639961E-04,6.54061427E-04,1.09170443E-02
394.0,8.87247144E-04,7.95648906E-04,1.32053126E-02
395.0,1.06920754E-03,9.64828092E-04,1.59514687E-02
396.0,1.28340265E-03,1.16571964E-03,1.92347428E-02
397.0,1.53382255E-03,1.40263299E-03,2.31435510E-02
398.0,1.82442670E-03,1.67992438E-03,2.77750287E-02
399.0,2.15896116E-03,2.00180227E-03,3.32339394E-02
400.0,2.54073042E-03,2.37207532E-03,3.96307943E-02
401.0,2.97282194E-03,2.79433492E-03,4.70800883E-02
402.0,3.45993397E-03,3.27374173E-03,5.57011972E-02
403.0,4.00792850E-03,3.81659740E-03,6.56137204E-02
404.0,4.62370068E-03,4.43020960E-03,7.69323091E-02
405.0,5.31546236E-03,5.12316225E-03,8.97612227E-02
406.0,6.09137851E-03,5.90457922E-03,1.04187586E-01
407.0,6.95291034E-03,6.78004939E-03,1.20272661E-01
408.0,7.89633545E-03,7.75259599E-03,1.38043703E-01
409.0,8.91300306E-03,8.82285581E-03,1.57485212E-01
410.0,9.98835098E-03,9.98840819E-03,1.78529924E-01
411.0,1.11054038E-02,1.12451666E-02,2.01077133E-01
412.0,1.22607072E-02,1.25949359E-02,2.25091371E-01
413.0,1.34578105E-02,1.40425046E-02,2.50565778E-01
414.0,1.47044177E-02,1.55944426E-02,2.77506961E-01
415.0,1.60129841E-02,1.72595696E-02,3.05941113E-01
416.0,1.73957850E-02,1.90466824E-02,3.35857654E-01
417.0,1.88451502E-02,2.09545063E-02,3.66980778E-01
418.0,2.03439676E-02,2.29762958E-02,3.98876194E-01
419.0,2.18700082E-02,2.51016912E-02,4.30998456E-01
420.0,2.33957137E-02,2.73163327E-02,4.62692207E-01
421.0,2.48960713E-02,2.96062323E-02,4.93356936E-01
422.0,2.63760991E-02,3.19745711E-02,5.23006416E-01
423.0,2.78541460E-02,3.44330162E-02,5.51939343E-01
424.0,2.93550613E-02,3.69982979E-02,5.80598887E-01
425.0,3.09103789E-02,3.96928205E-02,6.09570091E-01
426.0,3.25498144E-02,4.25401678E-02,6.39359480E-01
427.0,3.42713708E-02,4.55473988E-02,6.69651384E-01
428.0,3.60619705E-02,4.87160707E-02,6.99829407E-01
429.0,3.79051936E-02,5.20466512E-02,7.29177312E-01
430.0,3.97809896E-02,5.55383864E-02,7.56884632E-01
431.0,4.16704959E-02,5.91875912E-02,7.82292492E-01
432.0,4.35728181E-02,6.29818835E-02,8.05666218E-01
433.0,4.54931897E-02,6.69031370E-02,8.27598827E-01
434.0,4.74384679E-02,7.09284594E-02,8.48779613E-01
435.0,4.94171973E-02,7.50298610E-02,8.69984288E-01
436.0,5.14343241E-02,7.91768755E-02,8.91761454E-01
437.0,5.34734957E-02,8.33462967E-02,9.13444187E-01
438.0,5.55101837E-02,8.75159754E-02,9.33976780E-01
439.0,5.75166148E-02,9.16624524E-02,9.52217574E-01
440.0,5.94618805E-02,9.57611568E-02,9.66959512E-01
441.0,6.13240417E-02,9.97976650E-02,9.77339714E-01
442.0,6.31288104E-02,1.03804444E-01,9.84028489E-01
443.0,6.49188709E-02,1.07833911E-01,9.88144262E-01
444.0,6.67425220E-02,1.11948323E-01,9.90851399E-01
445.0,6.86537572E-02,1.16220119E-01,9.93336464E-01
446.0,7.06962597E-02,1.20706423E-01,9.96373055E-01
447.0,7.28507773E-02,1.25363380E-01,9.99038261E-01
448.0,7.50777929E-02,1.30110900E-01,9.99977704E-01
449.0,7.73325481E-02,1.34856157E-01,9.97843807E-01
450.0,7.95647427E-02,1.39493318E-01,9.91328844E-01
451.0,8.17367878E-02,1.43943197E-01,9.79656833E-01
452.0,8.38826467E-02,1.48281321E-01,9.63905274E-01
453.0,8.60598412E-02,1.52637200E-01,9.45572609E-01
454.0,8.83322210E-02,1.57157314E-01,9.26077974E-01
455.0,9.07704422E-02,1.62006089E-01,9.06735013E-01
456.0,9.34396502E-02,1.67331022E-01,8.88508684E-01
457.0,9.63577369E-02,1.73144024E-01,8.71352726E-01
458.0,9.95304112E-02,1.79417301E-01,8.54998119E-01
459.0,1.02963638E-01,1.86116982E-01,8.39198110E-01
460.0,1.06663473E-01,1.93201620E-01,8.23725866E-01
461.0,1.10628875E-01,2.00620869E-01,8.08307014E-01
462.0,1.14828329E-01,2.08314694E-01,7.92431266E-01
463.0,1.19216554E-01,2.16212216E-01,7.75568995E-01
464.0,1.23740001E-01,2.24230755E-01,7.57244298E-01
465.0,1.28336042E-01,2.32275228E-01,7.37042702E-01
466.0,1.32947308E-01,2.40257457E-01,7.14729722E-01
467.0,1.37570252E-01,2.48160008E-01,6.90557634E-01
468.0,1.42217721E-01,2.55986600E-01,6.64889610E-01
469.0,1.46905145E-01,2.63743829E-01,6.38077566E-01
470.0,1.51650594E-01,2.71441153E-01,6.10456321E-01
471.0,1.56475083E-01,2.79096592E-01,5.82345911E-01
472.0,1.61403513E-01,2.86755395E-01,5.54065304E-01
473.0,1.66464397E-01,2.94475679E-01,5.25902909E-01
474.0,1.71689909E-01,3.02323267E-01,4.98108396E-01
475.0,1.77116190E-01,3.10372033E-01,4.70893608E-01
476.0,1.82777360E-01,3.18691700E-01,4.44450133E-01
477.0,1.88685048E-01,3.27307200E-01,4.18991977E-01
478.0,1.94844690E-01,3.36232014E-01,3.94699394E-01
479.0,2.01261435E-01,3.45480209E-01,3.71706607E-01
480.0,2.07940052E-01,3.55066420E-01,3.50107654E-01
481.0,2.14875444E-01,3.64984972E-01,3.29904165E-01
482.0,2.22021744E-01,3.75142281E-01,3.10863616E-01
483.0,2.29315613E-01,3.85410322E-01,2.92741063E-01
484.0,2.36684385E-01,3.95645506E-01,2.75337977E-01
485.0,2.44045655E-01,4.05688377E-01,2.58496996E-01
486.0,2.51346893E-01,4.15434894E-01,2.42158115E-01
487.0,2.58694521E-01,4.25064168E-01,2.26504208E-01
488.0,2.66251732E-01,4.34850607E-01,2.11725770E-01
489.0,2.74202135E-01,4.45097029E-01,1.97959651E-01
490.0,2.82751994E-01,4.56137225E-01,1.85297483E-01
491.0,2.92071421E-01,4.68235946E-01,1.73750715E-01
492.0,3.02093753E-01,4.81255347E-01,1.63149273E-01
493.0,3.12672693E-01,4.94927331E-01,1.53311198E-01
494.0,3.23636751E-01,5.08947269E-01,1.44086161E-01
495.0,3.34785930E-01,5.22969940E-01,1.35350675E-01
496.0,3.45942793E-01,5.36700586E-01,1.27010990E-01
497.0,3.57126009E-01,5.50194516E-01,1.19016606E-01
498.0,3.68416282E-01,5.63615862E-01,1.11333118E-01
499.0,3.79907104E-01,5.77149817E-01,1.03933852E-01
500.0,3.91705331E-01,5.91002878E-01,9.67990105E-02
501.0,4.03904967E-01,6.05349641E-01,8.99168668E-02
502.0,4.16499822E-01,6.20160188E-01,8.32878080E-02
503.0,4.29452625E-01,6.35343046E-01,7.69157035E-02
504.0,4.42719906E-01,6.50795785E-01,7.08052103E-02
505.0,4.56251511E-01,6.66404323E-01,6.49613925E-02
506.0,4.69996797E-01,6.82054621E-01,5.94049435E-02
507.0,4.83925822E-01,6.97671514E-01,5.42075628E-02
508.0,4.98012242E-01,7.13186442E-01,4.94280547E-02
509.0,5.12227030E-01,7.28525980E-01,4.50992516E-02
510.0,5.26538428E-01,7.43612020E-01,4.12337488E-02
511.0,5.40923476E-01,7.58395898E-01,3.78142449E-02
512.0,5.55405564E-01,7.72966152E-01,3.47626978E-02
513.0,5.70024839E-01,7.87457289E-01,3.20029319E-02
514.0,5.84827637E-01,8.02017289E-01,2.94745661E-02
515.0,5.99866880E-01,8.16807889E-01,2.71299980E-02
516.0,6.15162077E-01,8.31919048E-01,2.49376452E-02
517.0,6.30568785E-01,8.47096033E-01,2.28930546E-02
518.0,6.45883282E-01,8.61972341E-01,2.09956388E-02
519.0,6.60880257E-01,8.76152354E-01,1.92426952E-02
520.0,6.75313179E-01,8.89213535E-01,1.76298483E-02
521.0,6.88974718E-01,9.00812461E-01,1.61501083E-02
522.0,7.01886306E-01,9.11005791E-01,1.47911006E-02
523.0,7.14140025E-01,9.19968031E-01,1.35407174E-02
524.0,7.25841255E-01,9.27890228E-01,1.23884497E-02
525.0,7.37107602E-01,9.34976841E-01,1.13251604E-02
526.0,7.48046129E-01,9.41414000E-01,1.03437432E-02
527.0,7.58684497E-01,9.47278730E-01,9.44091928E-03
528.0,7.69031622E-01,9.52622262E-01,8.61364666E-03
529.0,7.79098781E-01,9.57498116E-01,7.85830827E-03
530.0,7.88899549E-01,9.61961662E-01,7.17089441E-03
531.0,7.98471677E-01,9.66080420E-01,6.54647684E-03
532.0,8.07944800E-01,9.69966148E-01,5.97776515E-03
533.0,8.17478097E-01,9.73743400E-01,5.45793833E-03
534.0,8.27238915E-01,9.77538784E-01,4.98125342E-03
535.0,8.37403142E-01,9.81480903E-01,4.54287284E-03
536.0,8.48078498E-01,9.85628647E-01,4.13907542E-03
537.0,8.59064181E-01,9.89753570E-01,3.76794458E-03
538.0,8.70067557E-01,9.93551359E-01,3.42782661E-03
539.0,8.80778781E-01,9.96713819E-01,3.11695923E-03
540.0,8.90871319E-01,9.98930730E-01,2.83351880E-03
541.0,9.00057028E-01,9.99942423E-01,2.57556270E-03
542.0,9.08253231E-01,9.99692001E-01,2.34084109E-03
543.0,9.15433213E-01,9.98177985E-01,2.12721718E-03
544.0,9.21574627E-01,9.95404787E-01,1.93276095E-03
545.0,9.26659723E-01,9.91382642E-01,1.75572783E-03
546.0,9.30743578E-01,9.86199116E-01,1.59454795E-03
547.0,9.34159981E-01,9.80228632E-01,1.44782819E-03
548.0,9.37318404E-01,9.73906478E-01,1.31430305E-03
549.0,9.40633969E-01,9.67653446E-01,1.19281486E-03
550.0,9.44527173E-01,9.61875524E-01,1.08230483E-03
551.0,9.49290527E-01,9.56820225E-01,9.81819071E-04
552.0,9.54679658E-01,9.52151139E-01,8.90533043E-04
553.0,9.60309190E-01,9.47398403E-01,8.07686839E-04
554.0,9.65784727E-01,9.42105181E-01,7.32568180E-04
555.0,9.70702545E-01,9.35829058E-01,6.64512043E-04
556.0,9.74755906E-01,9.28273802E-01,6.02886518E-04
557.0,9.78054920E-01,9.19666908E-01,5.47061576E-04
558.0,9.80818797E-01,9.10356424E-01,4.96461134E-04
559.0,9.83270530E-01,9.00677220E-01,4.50570942E-04
560.0,9.85635735E-01,8.90949073E-01,4.08931409E-04
561.0,9.88084787E-01,8.81385756E-01,3.71136209E-04
562.0,9.90559894E-01,8.71833582E-01,3.36837835E-04
563.0,9.92945254E-01,8.62058662E-01,3.05722867E-04
564.0,9.95124157E-01,8.51839703E-01,2.77504057E-04
565.0,9.96979206E-01,8.40968769E-01,2.51918429E-04
566.0,9.98410673E-01,8.29303080E-01,2.28724584E-04
567.0,9.99391084E-01,8.16911267E-01,2.07698937E-04
568.0,9.99911686E-01,8.03910320E-01,1.88637795E-04
569.0,9.99964539E-01,7.90412683E-01,1.71356528E-04
570.0,9.99542570E-01,7.76525624E-01,1.55687802E-04
571.0,9.98614615E-01,7.62310573E-01,1.41480078E-04
572.0,9.97051085E-01,7.47669191E-01,1.28596357E-04
573.0,9.94700550E-01,7.32476180E-01,1.16912488E-04
574.0,9.91416137E-01,7.16621868E-01,1.06315891E-04
575.0,9.87057062E-01,7.00013057E-01,9.67045032E-05
576.0,9.81598718E-01,6.82647325E-01,8.79857598E-05
577.0,9.75451484E-01,6.64816869E-01,8.00756039E-05
578.0,9.69120471E-01,6.46857886E-01,7.28978842E-05
579.0,9.63093221E-01,6.29072199E-01,6.63836633E-05
580.0,9.57840611E-01,6.11727998E-01,6.04705364E-05
581.0,9.53663865E-01,5.94997609E-01,5.51020014E-05
582.0,9.50236431E-01,5.78782770E-01,5.02268730E-05
583.0,9.47086423E-01,5.62934758E-01,4.57988214E-05
584.0,9.43752127E-01,5.47321206E-01,4.17759209E-05
585.0,9.39781455E-01,5.31825085E-01,3.81202298E-05
586.0,9.34826216E-01,5.16354357E-01,3.47973998E-05
587.0,9.28916686E-01,5.00869891E-01,3.17763096E-05
588.0,9.22176613E-01,4.85349572E-01,2.90287919E-05
589.0,9.14728596E-01,4.69777154E-01,2.65293593E-05
590.0,9.06693013E-01,4.54142113E-01,2.42549460E-05
591.0,8.98169931E-01,4.38453530E-01,2.21846700E-05
592.0,8.89188195E-01,4.22777713E-01,2.02996102E-05
593.0,8.79759202E-01,4.07188470E-01,1.85826373E-05
594.0,8.69894432E-01,3.91752057E-01,1.70182453E-05
595.0,8.59605469E-01,3.76527354E-01,1.55923957E-05
596.0,8.48911921E-01,3.61558577E-01,1.42923722E-05
597.0,8.37864745E-01,3.46855675E-01,1.31066459E-05
598.0,8.26521803E-01,3.32421684E-01,1.20247729E-05
599.0,8.14939624E-01,3.18260743E-01,1.10372926E-05
600.0,8.03173191E-01,3.04377894E-01,1.01356328E-05
601.0,7.91252870E-01,2.90783681E-01,9.31202271E-06
602.0,7.79118217E-01,2.77506436E-01,8.55941183E-06
603.0,7.66691243E-01,2.64574629E-01,7.87140697E-06
604.0,7.53900201E-01,2.52011897E-01,7.24221093E-06
605.0,7.40679903E-01,2.39837365E-01,6.66656535E-06
606.0,7.26994963E-01,2.28065172E-01,6.13969783E-06
607.0,7.12905207E-01,2.16702729E-01,5.65727227E-06
608.0,6.98490890E-01,2.05754111E-01,5.21535214E-06
609.0,6.83828630E-01,1.95221164E-01,4.81036370E-06
610.0,6.68991113E-01,1.85103689E-01,4.43906145E-06
611.0,6.54036567E-01,1.75397731E-01,4.09849692E-06
612.0,6.38979498E-01,1.66090878E-01,3.78599059E-06
613.0,6.23824796E-01,1.57169390E-01,3.49910645E-06
614.0,6.08578508E-01,1.48620247E-01,3.23562911E-06
615.0,5.93247836E-01,1.40431078E-01,2.99354308E-06
616.0,5.77857191E-01,1.32590942E-01,0
617.0,5.62492819E-01,1.25092399E-01,0
618.0,5.47248471E-01,1.17928361E-01,0
619.0,5.32208633E-01,1.11091220E-01,0
620.0,5.17448826E-01,1.04572924E-01,0
621.0,5.02992596E-01,9.83663235E-02,0
622.0,4.88692023E-01,9.24684983E-02,0
623.0,4.74375977E-01,8.68759428E-02,0
624.0,4.59895656E-01,8.15833956E-02,0
625.0,4.45124577E-01,7.65841125E-02,0
626.0,4.30006798E-01,7.18682764E-02,0
627.0,4.14686627E-01,6.74186151E-02,0
628.0,3.99339826E-01,6.32175665E-02,0
629.0,3.84121824E-01,5.92491871E-02,0
630.0,3.69167951E-01,5.54989859E-02,0
631.0,3.54579976E-01,5.19549507E-02,0
632.0,3.40389351E-01,4.86103353E-02,0
633.0,3.26608965E-01,4.54590622E-02,0
634.0,3.13248812E-01,4.24945164E-02,0
635.0,3.00316199E-01,3.97096689E-02,0
636.0,2.87817470E-01,3.70952079E-02,0
637.0,2.75762189E-01,3.46347488E-02,0
638.0,2.64157901E-01,3.23124852E-02,0
639.0,2.53008850E-01,3.01150932E-02,0
640.0,2.42316360E-01,2.80314193E-02,0
641.0,2.32061402E-01,2.60564136E-02,0
642.0,2.22157765E-01,2.42010920E-02,0
643.0,2.12515740E-01,2.24759554E-02,0
644.0,2.03060278E-01,2.08870081E-02,0
645.0,1.93730034E-01,1.94366360E-02,0
646.0,1.84494786E-01,1.81200153E-02,0
647.0,1.75401963E-01,1.69149301E-02,0
648.0,1.66509307E-01,1.57990764E-02,0
649.0,1.57865232E-01,1.47543068E-02,0
650.0,1.49509341E-01,1.37659889E-02,0
651.0,1.41470357E-01,1.28245918E-02,0
652.0,1.33759912E-01,1.19303621E-02,0
653.0,1.26383268E-01,1.10849590E-02,0
654.0,1.19342679E-01,1.02891947E-02,0
655.0,1.12637747E-01,9.54315350E-03,0
656.0,1.06263913E-01,8.84608811E-03,0
657.0,1.00208087E-01,8.19599838E-03,0
658.0,9.44558353E-02,7.59058687E-03,0
659.0,8.89934088E-02,7.02754072E-03,0
660.0,8.38077035E-02,6.50455441E-03,0
661.0,7.88864928E-02,6.01951703E-03,0
662.0,7.42190806E-02,5.57093190E-03,0
663.0,6.97952460E-02,5.15727694E-03,0
664.0,6.56049536E-02,4.77687362E-03,0
665.0,6.16383685E-02,4.42794317E-03,0
666.0,5.78856711E-02,4.10832308E-03,0
667.0,5.43365691E-02,3.81470204E-03,0
668.0,5.09810577E-02,3.54392361E-03,0
669.0,4.78096164E-02,3.29329022E-03,0
670.0,4.48131819E-02,3.06049600E-03,0
671.0,4.19831027E-02,2.84369463E-03,0
672.0,3.93110669E-02,2.64175361E-03,0
673.0,3.67891552E-02,2.45373512E-03,0
674.0,3.44098384E-02,2.27875103E-03,0
675.0,3.21659546E-02,2.11596127E-03,0
676.0,3.00509343E-02,1.96456470E-03,0
677.0,2.80593868E-02,1.82377900E-03,0
678.0,2.61861427E-02,1.69286817E-03,0
679.0,2.44260104E-02,1.57114740E-03,0
680.0,2.27738100E-02,1.45797939E-03,0
681.0,2.12237543E-02,1.35274263E-03,0
682.0,1.97678830E-02,1.25475932E-03,0
683.0,1.83985826E-02,1.16340289E-03,0
684.0,1.71091988E-02,1.07812048E-03,0
685.0,1.58939173E-02,9.98423741E-04,0
686.0,1.47491860E-02,9.23962373E-04,0
687.0,1.36773100E-02,8.54712714E-04,0
688.0,1.26804157E-02,7.90652381E-04,0
689.0,1.17590175E-02,7.31684052E-04,0
690.0,1.09123394E-02,6.77652785E-04,0
691.0,1.01373142E-02,6.28297329E-04,0
692.0,9.42568046E-03,5.83107933E-04,0
693.0,8.76916558E-03,5.41583607E-04,0
694.0,8.16076012E-03,5.03294254E-04,0
695.0,7.59452818E-03,4.67870233E-04,0
696.0,7.06588422E-03,4.35006951E-04,0
697.0,6.57251948E-03,4.04490009E-04,0
698.0,6.11262302E-03,3.76137802E-04,0
699.0,5.68439733E-03,3.49784457E-04,0
700.0,5.28607164E-03,3.25278334E-04,0
701.0,4.91572765E-03,3.02476980E-04,0
702.0,4.57085643E-03,2.81236920E-04,0
703.0,4.24907923E-03,2.61426794E-04,0
704.0,3.94831733E-03,2.42929675E-04,0
705.0,3.66675373E-03,2.25641354E-04,0
706.0,3.40296820E-03,2.09478426E-04,0
707.0,3.15631545E-03,1.94400199E-04,0
708.0,2.92624484E-03,1.80370327E-04,0
709.0,2.71212718E-03,1.67347279E-04,0
710.0,2.51327467E-03,1.55285744E-04,0
711.0,2.32895013E-03,1.44134603E-04,0
712.0,2.15836215E-03,1.33830080E-04,0
713.0,2.00071090E-03,1.24309206E-04,0
714.0,1.85520649E-03,1.15513348E-04,0
715.0,1.72107607E-03,1.07387972E-04,0
716.0,1.59749665E-03,9.98800383E-05,0
717.0,1.48342247E-03,9.29320172E-05,0
718.0,1.37786878E-03,8.64906961E-05,0
719.0,1.27997679E-03,8.05090212E-05,0
720.0,1.18899676E-03,7.49453321E-05,0
721.0,1.10432620E-03,6.97652073E-05,0
722.0,1.02562513E-03,6.49470250E-05,0
723.0,9.52602276E-04,6.04718329E-05,0
724.0,8.84959446E-04,5.63206844E-05,0
725.0,8.22396074E-04,5.24748323E-05,0
726.0,7.64585364E-04,4.89142417E-05,0
727.0,7.11109907E-04,4.56136631E-05,0
728.0,6.61570387E-04,4.25490164E-05,0
729.0,6.15611533E-04,3.96989153E-05,0
730.0,5.72916838E-04,3.70443421E-05,0
731.0,5.33205682E-04,3.45687558E-05,0
732.0,4.96233558E-04,3.22588071E-05,0
733.0,4.61781910E-04,3.01026356E-05,0
734.0,4.29653519E-04,2.80893295E-05,0
735.0,3.99670182E-04,2.62088417E-05,0
736.0,3.71689607E-04,2.44529471E-05,0
737.0,3.45649772E-04,2.28177193E-05,0
738.0,3.21494347E-04,2.12995276E-05,0
739.0,2.99154567E-04,1.98940631E-05,0
740.0,2.78552580E-04,1.85965278E-05,0
741.0,2.59582758E-04,1.74002696E-05,0
742.0,2.42060993E-04,1.62931103E-05,0
743.0,2.25808937E-04,1.52632111E-05,0
744.0,2.10674430E-04,1.43005160E-05,0
745.0,1.96527784E-04,1.33965008E-05,0
746.0,1.83271307E-04,1.25449275E-05,0
747.0,1.70867724E-04,1.17440629E-05,0
748.0,1.59289520E-04,1.09928822E-05,0
749.0,1.48505507E-04,1.02900467E-05,0
750.0,1.38481790E-04,9.63396916E-06,0
751.0,1.29178758E-04,9.02262791E-06,0
752.0,1.20542285E-04,8.45300684E-06,0
753.0,1.12519079E-04,7.92206575E-06,0
754.0,1.05060605E-04,7.42699934E-06,0
755.0,9.81226253E-05,6.96521810E-06,0
756.0,9.16641429E-05,6.53421882E-06,0
757.0,8.56454503E-05,6.13128765E-06,0
758.0,8.00302203E-05,5.75390612E-06,0
759.0,7.47857816E-05,5.39984029E-06,0
760.0,6.98827164E-05,5.06710754E-06,0
761.0,6.52965885E-05,4.75413266E-06,0
762.0,6.10127816E-05,4.46018608E-06,0
763.0,5.70183009E-05,4.18466418E-06,0
764.0,5.32996460E-05,3.92689817E-06,0
765.0,4.98430350E-05,3.68617125E-06,0
766.0,4.66321811E-05,3.46156583E-06,0
767.0,4.36424452E-05,3.25155434E-06,0
768.0,4.08500899E-05,3.05463851E-06,0
769.0,3.82345562E-05,2.86951211E-06,0
770.0,3.57780519E-05,2.69503733E-06,0
771.0,3.34676071E-05,2.53039567E-06,0
772.0,3.13007448E-05,2.37549996E-06,0
773.0,2.92760620E-05,2.23033435E-06,0
774.0,2.73907900E-05,2.09478127E-06,0
775.0,2.56410800E-05,1.96864116E-06,0
776.0,2.40205191E-05,1.85151523E-06,0
777.0,2.25160067E-05,1.74247916E-06,0
778.0,2.11144787E-05,1.64059913E-06,0
779.0,1.98046187E-05,1.54506564E-06,0
780.0,1.85766264E-05,1.45517748E-06,0
781.0,1.74227865E-05,1.37038872E-06,0
782.0,1.63392150E-05,1.29045066E-06,0
783.0,1.53228314E-05,1.21517577E-06,0
784.0,1.43705232E-05,1.14437172E-06,0
785.0,1.34791749E-05,1.07784347E-06,0
786.0,1.26454489E-05,1.01537558E-06,0
787.0,1.18651918E-05,9.56684068E-07,0
788.0,1.11343735E-05,9.01490538E-07,0
789.0,1.04493256E-05,8.49541507E-07,0
790.0,9.80670540E-06,8.00605973E-07,0
791.0,9.20362925E-06,7.54491815E-07,0
792.0,8.63805755E-06,7.11091028E-07,0
793.0,8.10814899E-06,6.70308918E-07,0
794.0,7.61208547E-06,6.32045144E-07,0
795.0,7.14808254E-06,5.96195475E-07,0
796.0,6.71432071E-06,5.62639418E-07,0
797.0,6.30875782E-06,5.31206028E-07,0
798.0,5.92942398E-06,5.01726345E-07,0
799.0,5.57449662E-06,4.74047218E-07,0
800.0,5.24228869E-06,4.48029690E-07,0
801.0,4.93115223E-06,4.23543152E-07,0
802.0,4.63925192E-06,4.00452736E-07,0
803.0,4.36487579E-06,3.78634444E-07,0
804.0,4.10650663E-06,3.57978337E-07,0
805.0,3.86279972E-06,3.38386998E-07,0
806.0,3.63270230E-06,3.19786564E-07,0
807.0,3.41578684E-06,3.02157195E-07,0
808.0,3.21171530E-06,2.85486263E-07,0
809.0,3.02009523E-06,2.69755563E-07,0
810.0,2.84049184E-06,2.54942293E-07,0
811.0,2.67238897E-06,2.41014776E-07,0
812.0,2.51507284E-06,2.27919975E-07,0
813.0,2.36782558E-06,2.15603268E-07,0
814.0,2.22997791E-06,2.04013924E-07,0
815.0,2.10090587E-06,1.93104807E-07,0
816.0,1.97999661E-06,1.82829341E-07,0
817.0,1.86656627E-06,1.73134134E-07,0
818.0,1.75997282E-06,1.63968868E-07,0
819.0,1.65964251E-06,1.55288713E-07,0
820.0,1.56506236E-06,1.47053740E-07,0
821.0,1.47580446E-06,1.39231486E-07,0
822.0,1.39159884E-06,1.31804422E-07,0
823.0,1.31221337E-06,1.24758228E-07,0
824.0,1.23741997E-06,1.18078454E-07,0
825.0,1.16699539E-06,1.11750613E-07,0
826.0,1.10072192E-06,1.05760262E-07,0
827.0,1.03838795E-06,1.00093073E-07,0
828.0,9.79788446E-07,9.47348947E-08,0
829.0,9.24725281E-07,8.96718096E-08,0
830.0,8.73007530E-07,8.48901776E-08,0